508
954
1228
1353
1949
3367
4453
5912
7074
8348
10447
10820
11830
12215
14054
14312
15681
16199
16373
17594
17812
18929
19589
19715
19862
19971
21239
21288
21847
22170
22277
22816
22949
23058
24670
28737
28926
31072
31548
34300
42329
42615
42970
44316
44669
44938
45627
45900
47526
48067
49507
49765
51363
51520
52091
52531
53213
53945
55405
55542
55607
56777
56815
58855
58877
60674
61440
63615
63698
64005
64849
65688
66943
67631
67898
68051
68613
69631
71525
71570
77352
77383
77502
79263
81389
81840
81904
84473
85611
85900
88651
89996
91676
91969
92003
94264
95490
97525
99840
99924
